011 PAGlNAS 125-215. 311

torn Plnonrles 11133131 vortit: 3331111333 311313 τῇ 31331) montuosos
33111. - 1310. 033 53. 5. 3311 Goon. oddo: Vs'd. notosn Pontons‘ 13 soporatos
30 5 2. 3. 131. 0033131. 031. 3, 3131 pertinet 13333313 30 5 1.

p. 132. 5 13. 3. 133. enarmonium. - 1110. 00131. b. 10. 133. 1330313301.

3. 133. 00331. 3. 31 133. 33331111. 3. 134. ’00331311οοί 10
cop. V. 5 3. 3003 Sat. V, 11,11. solut 331331133 Maro 313311. 3.
133. 1. 3.*133. λόγον. 3. 131. 00331 1. 3.* 133. 1311313. 3.
130. 4. 1333313331. 3. 161. 00331. 1. 2. 30011 03 diff. 10, 23. -
1110. n. 1.*133. ἅντοικοι. 3. 133. 5 3. 2. 133. 31 N, 3113 033. 53.
3. 3311333330 3 3-3. on 31333 30 1 3. 3. 101. 1.* 11 00331. 3. o*
133. γνώμονα, 31 30 3333331331 30033 3363333 31. γνώμονα 3-1. 3.
100. cop. vlt. 5 20. commo 33111333 (4.) 331131 quarn 3311 quast (3.) 3331

ponendum. p. 110. tonost. 1. 133. 3133331033. 3. 112. 313.
111. 5 3. 2.* eveniunt referendum 311 30 accessio 31 13333313, quaro 0133301113
3331333311, 31 supro (5 3. 3.) noscitur. 1133111333 1133331133 13313111133-
31331, 31 33331133133313330 331333033110313. 3. 114. 00331. 3. 0.
133. 5 2. 3. 113. 3.*133. 331311. 3. 110. 00331. 1. t. 33313-
ventoribus 133. 3333111 opud quos 1333313 sont. 3. 111. 3313 333. Χ. 5 11, 2.
verbis 1313331131 nobofigrnents' 3331. 1, 2, ts conposito advocati 13333 flg-
133311. 3. 113. 033. 3. 133. 31, 3100331. 3. 3. 3311 3313113 3003 33-
133. p. 133. l. (1331. 0333311, 1. 1333 deniquo 3311333 331 1313131-
13111 3 33111 31 11331 osso narratur, 33103311131 31111 3130313311333333
3313133331, 31 333 0133, 11131331, ot 3133131031 andos 1113333, deos. -1110,
033. 12. 133. 311-1. 3.134,3.1.* 031. sommo 3331 immortalem. -1110,
5 1. 3 sq. 333111 Ρ1311331133313 qnam 3311311131 3311331131 porrus 3313333133
1133313331 30 Plotinum vol. 111. 3. vr. ’31 13113331 Thucydidem brevitatem.
- ibid. 333. 1111. 5 3. 4. 033133 sententias memoris: 311133 3333331333
33 voro animos 3133113 corporo 30011 13311313 Protinus 3. 1. 01 ἢ notros τι·
νὸς ἐξ ἀμφοῖν, quod 3 1133333133331331313 3113 3313303331110333333. 30
Ρ13113. vot. 111. 3. 1. 3. 133. 00331. 1. 3.* 133. ὀλιγοχρόνιον, 31 1.
0. Ροο1. 0003 03331. 11,23. p. 183. 0331. 1331 0333113). -
intotonat. b. 113333113313311. 3. 180. 0.* 133. 3131. 3. 191,
3313 333. xlv. 5 11. 3331. simplis. 13 (13133. 131. 81. 3. 13. Orsus. 30
Ρ13113. vol. 111. 3. 3331 παρὰ φύσιν οἷον 30 ἐν 3313131313 3113331313 13311·
μενον nat 31 γῆ ἅνω. - 1110001131. 3. 12* 133. 3133. 3. 103. 00331.
1. 0. 133. ὑφ’. 3. 104. 003. 3. 31333310. 3. 103. 003. 3. 12*
133. κινήσεων 31 3* sq. ἡ 11. 3. 103. sto. 1. 3. 1131311313. 3. 200.
00331. 3. 11.* coniventem. 3. 202. 00331. 3. 10,* 133. 1333111111.

3. 204. 003. 3. 3. 133. Caso. 3. 203. 003311. 30 333. 1111. 5 3. st
3133131331] vetlem 31130 sno protulisse 1131331331. 313130131333111113
1333 3103133 construendum osso: 1133113131ᾳοί0 0133311. Propius 10 no·
strom 133331 33331111 Quintil. 111, 2, 13. Ν3333331313313131 131 13331311
osquam 33313 1333. 3. 201. 00331. 1. 1.* 133. 1133333313. 3.
2011. 033. 0. 133. 3113331303. 3. 200. 1. 3331 3013111331 113. 33133
pro 333313. - 1110. 00331. 1. 13. 300113 1, 3, 24. 1313131111 3133313 13133 33
elemento 01313311. 3. 211. 00331. 1. 2 stne 811. 111, 4, 111331·-
133133 scaturigo. 3. 212. 00331. 30 23. ,4311131311 3311100331313·
3111 (1133333133111 3113131. 10, 23. 1331311133 3313013133 13131133 13 111313
3313133333333133, 31 1. 3. Μ3ο331133111 1, 2, 4. quoniam notium ,313133311-
genos 3331 professoribus 3333331331. 3. 213. s. 133. 333313311-
133. - 1110. 5 13. 3. 3333 malim iungere 11333113 oretanum, quom genitivi

 

