CAPUT 111 mu

¹ 11111111112181 11111111111311111111111111111111111111, bimi

11111111 111111 inira ,1111111111 1111111111 1111111111 111111, 1, 9, 1. (11 11111
111111111111 ι111.)1 11111111 ue 1111 fomite 1111111111 rigetur, 1, 12,
71 anima .. 1111111111 1111111111 Ι.. influentem 111111σί1111 11111111(11. ΙΙ,
11, ibique 111. zeum), 1, 16, 11 uis· 1111 11111111111111111111111111
suut,- 1, 22,11 hauc 11111111 111..1111111111111111111111111111 undique
1111111111, 11, 111, 011 11 museum· 111111 11111111111111111111131-
1111 (ei. 1, 1,1.), 811. 1, praet, 11. 11111 111111 111.. 11111111 11113111
11111 1111 11111111,1, 11, 21 poetarum gregum ..111 11 adyti· pimnqu
11111111111111111111 11111111,1,24,611111 {unae 11111111111 ρο-
,1111111111111111 1111111, ot 111, 11, 1, ,11, u noas·- 11,,111111111-
11111 7113111111111111111, 1⁷, 10, 11 111 (1111111111 1111111111111·
11111111111111 1110 111111111111111111, 11 81111111 11111111 n·-
111111111111 1111111111 1111111111 111111, 1⁷1, 9, 01 ab 1111111 11 111111·-
1111111111 111111(11. 16. 1, 11 1111111111111111111 11111111).

1111111 1111111111 inveniuntur 11111 1111111111 111 ,11111111 11111
1111111111 argenteae 1111111 scriptore· 1111111 quaem, ui 1111111111 11
11111 11111111 (comm. 11, 11, 6.), arbitrali· (811.1’11,1,1.),111111111’1 (cunm.
1, 14, 4.), 1111111101(οω11. 1, 15, 9.), 11111111 (comm. 1, 19, 21, 811. V,
16, lu), 1111111111(0111111. 1, 11, 11.),1111111111·1 (811. 111, 11,11.),1111·
dialis (Sui. 111, 16, 31), seminalis (Sui. vn, 10,1.), 1111111111 (Coma. 1,
11,1,ιι,1,ι1,11111111,11,1),1,111111(8ι1.111,1,11 11 21), 11-
1111111(811111,16,6.),1111111111(811.“111,0,8.), -· 11 11111 1111111111
(0111111, 1,14,1,ι1, 14,1, 11119, 11,0,111116, ms, 11, 10 squ),
- 1111111111 (11 1111111111 11111μ,111111111111μι,1111 insolubili· 11111111ςῦ1-
111 1111, 1111111111 111111111111111111111 1111111111 11111111111) 1113111111
(01111111, 11. 11 24, 111, 38, 10, 21, 11, 2, 11111), ·· 11 m.- comm
(comm. 1, 1, 1, ιι, 1, 11, 1, ιι, 11, 11,), morem (1111. 11. 111, 1,

, 13, 11, 1, 11, 1, 111, 11, 11, 11, 111111, 11, 11, 11, 11,), imm (1111.

ι, ’11, 11, sat. vn, 11, 1.), -111111 sagorum (111. ιιι, 11, 1.),11..
1131111161. 9, 20), 1111111111 (ib. 11101), tristifica (11. 12,10.), ·· 11 1111111
,1111111111 (811.1’11,15,4.), udde, 1111111111111111 111, levigant· (811.
vn, 12, 30, 16, 9.). Alia 1111111111 singulari 11111111 1111111
usurpantur, 1111111111 (111111. 11011111.11,16,4.), 11111111 (1111. 1111.
ui 811. 1, 1, 11,), 1111110111. noi. 11811.1,9,11.), iiim (1111. 111. 111
011111. 1, 22, ii. Pru 111116111 ponuntur 1111111111 munim (011111.
1,3,9, Sui, 1, o, 1.) 11 11111 (ie 1111. 11, 1.), pn 1111111, nb-
11111111 mu guuitivoz 11111111 (811. 1, 6, 1.).

verbu 1111111111 11111111111111111111111 propriu 11111 111111 1111·
nmina (811. vn, 11, 2.), 11111111 (Gonu. 1, 211, 11, 11, 11, sut. V,
11, 1.), aicium (811. 1, 11, 11, 11, 1, 0.), intumo (811. 1, 10, 11,), iu*
1111111111 (811. vll, 12, 10.),1111’1111 (Gumm- 1, 12, Ι, 11, ι1,1, 10, 10117,
10, 1111111111, 8111111,6,1.), 11,,111,111(111.111.1101111.1,1,
1.), 1111111111111111111, 11111111111111111, 111111111111, 1111111111
(8111, 19, 16, 20, 10, 1, 20, 0.), aarum (011111. 1, 19, 12, 11,15,u.);
1111 1111111111 quoium 11 1111111111, 11 1111111111 ponitur ,111 1111111111
1111111 (0111111.11, Β, 8.), 111 pro 11 qnod 111 respondendo 11101111 (811.
vll, 0,11, 6, 14, 16, 11,), aniciorum 11 quod 111 proauum (011111. 1,
1, 49 (1111111. 1111), 11,1(1,21,10, 1129,1.), 1111111111 1111111 111
manum ,οι mmmm (cum-1, 11, 11,11, 1, 1,1, 1111, 11, 1, 11,

1111,ι1,1,11,11, 11, 11111,ιι,1,11,1,11,ιι,1ι,ι,1,νιι,ι, ¹

 

